ID	AT	Used	Core	Relinq	Ratio	PTR
0	0	0	111	0	0.00	0x5db09e0ab8a0	-1	-1	-1	-1	444
318	0x5db09e0ab8c0
-1	0x5db09e0ab8e0
392	0x5db09e0ab900
-1	0x5db09e0ab920
476	0x5db09e0ab940
-1	(nil)
1	5143	0	111	0	0.00	0x5db09e0ab960	-1	-1	-1	-1	444
330	(nil)
2	8236	0	111	0	0.00	0x5db09e0ab980	-1	-1	-1	-1	555
144	(nil)
3	17098	0	111	0	0.00	0x5db09e0ab9a0	-1	-1	-1	-1	444
463	(nil)
4	23889	0	111	0	0.00	0x5db09e0ab9c0	-1	-1	-1	-1	444
300	0x5db09e0ab9e0
-1	0x5db09e0aba00
418	0x5db09e0aba20
-1	0x5db09e0aba40
393	0x5db09e0aba60
-1	0x5db09e0aba80
265	0x5db09e0abaa0
-1	0x5db09e0abac0
351	(nil)
5	30798	0	111	0	0.00	0x5db09e0abae0	-1	-1	-1	-1	555
103	0x5db09e0abb00
-1	(nil)
6	38207	0	111	0	0.00	0x5db09e0abb20	-1	-1	-1	-1	444
299	0x5db09e0abb40
-1	0x5db09e0abb60
381	(nil)
7	42560	0	111	0	0.00	0x5db09e0abb80	-1	-1	-1	-1	444
339	0x5db09e0abba0
-1	(nil)
8	47415	0	111	0	0.00	0x5db09e0abbc0	-1	-1	-1	-1	444
424	(nil)
9	49265	0	111	0	0.00	0x5db09e0abbe0	-1	-1	-1	-1	555
94	0x5db09e0abc00
-1	0x5db09e0abc20
58	0x5db09e0abc40
-1	0x5db09e0abc60
49	(nil)
10	52621	0	111	0	0.00	0x5db09e0abc80	-1	-1	-1	-1	333
15	0x5db09e0abca0
-1	0x5db09e0abcc0
6	(nil)
11	54825	0	111	0	0.00	0x5db09e0abce0	-1	-1	-1	-1	333
18	0x5db09e0abd00
-1	0x5db09e0abd20
13	(nil)
12	63803	0	111	0	0.00	0x5db09e0abd40	-1	-1	-1	-1	333
30	(nil)
13	70523	0	111	0	0.00	0x5db09e0abd60	-1	-1	-1	-1	333
6	0x5db09e0abd80
-1	0x5db09e0abda0
20	0x5db09e0abdc0
-1	0x5db09e0abde0
5	0x5db09e0abe00
-1	0x5db09e0abe20
17	(nil)
14	78735	0	111	0	0.00	0x5db09e0abe40	-1	-1	-1	-1	444
303	0x5db09e0abe60
-1	0x5db09e0abe80
250	0x5db09e0abea0
-1	0x5db09e0abec0
336	0x5db09e0abee0
-1	0x5db09e0abf00
384	(nil)
15	83881	0	111	0	0.00	0x5db09e0abf20	-1	-1	-1	-1	333
13	0x5db09e0abf40
-1	0x5db09e0abf60
2	0x5db09e0abf80
-1	0x5db09e0abfa0
4	(nil)
16	85971	0	111	0	0.00	0x5db09e0abfc0	-1	-1	-1	-1	444
366	0x5db09e0abfe0
-1	0x5db09e0ac000
469	0x5db09e0ac020
-1	(nil)
17	91899	0	111	0	0.00	0x5db09e0ac040	-1	-1	-1	-1	555
152	0x5db09e0ac060
-1	0x5db09e0ac080
64	0x5db09e0ac0a0
-1	0x5db09e0ac0c0
3	0x5db09e0ac0e0
-1	0x5db09e0ac100
164	0x5db09e0ac120
-1	0x5db09e0ac140
199	(nil)
18	98259	0	111	0	0.00	0x5db09e0ac160	-1	-1	-1	-1	333
9	0x5db09e0ac180
-1	0x5db09e0ac1a0
8	0x5db09e0ac1c0
-1	0x5db09e0ac1e0
1	0x5db09e0ac200
-1	(nil)
19	101307	0	111	0	0.00	0x5db09e0ac220	-1	-1	-1	-1	555
24	0x5db09e0ac240
-1	0x5db09e0ac260
151	(nil)
20	105537	0	111	0	0.00	0x5db09e0ac280	-1	-1	-1	-1	333
15	0x5db09e0ac2a0
-1	0x5db09e0ac2c0
2	0x5db09e0ac2e0
-1	0x5db09e0ac300
23	0x5db09e0ac320
-1	0x5db09e0ac340
19	0x5db09e0ac360
-1	0x5db09e0ac380
30	0x5db09e0ac3a0
-1	0x5db09e0ac3c0
1	(nil)
21	114704	0	111	0	0.00	0x5db09e0ac3e0	-1	-1	-1	-1	333
15	0x5db09e0ac400
-1	0x5db09e0ac420
11	0x5db09e0ac440
-1	0x5db09e0ac460
16	(nil)
22	116517	0	111	0	0.00	0x5db09e0ac480	-1	-1	-1	-1	333
10	(nil)
23	121794	0	111	0	0.00	0x5db09e0ac4a0	-1	-1	-1	-1	444
254	0x5db09e0ac4c0
-1	0x5db09e0ac4e0
382	0x5db09e0ac500
-1	0x5db09e0ac520
337	0x5db09e0ac540
-1	0x5db09e0ac560
265	0x5db09e0ac580
-1	0x5db09e0ac5a0
254	0x5db09e0ac5c0
-1	(nil)
24	122447	0	111	0	0.00	0x5db09e0ac5e0	-1	-1	-1	-1	444
319	0x5db09e0ac600
-1	0x5db09e0ac620
277	0x5db09e0ac640
-1	0x5db09e0ac660
289	0x5db09e0ac680
-1	0x5db09e0ac6a0
491	0x5db09e0ac6c0
-1	0x5db09e0ac6e0
404	0x5db09e0ac700
-1	(nil)
25	124602	0	111	0	0.00	0x5db09e0ac720	-1	-1	-1	-1	333
6	0x5db09e0ac740
-1	0x5db09e0ac760
23	0x5db09e0ac780
-1	0x5db09e0ac7a0
0	0x5db09e0ac7c0
-1	0x5db09e0ac7e0
21	(nil)
26	131079	0	111	0	0.00	0x5db09e0ac800	-1	-1	-1	-1	333
5	0x5db09e0ac820
-1	0x5db09e0ac840
11	0x5db09e0ac860
-1	0x5db09e0ac880
21	0x5db09e0ac8a0
-1	(nil)
27	140528	0	111	0	0.00	0x5db09e0ac8c0	-1	-1	-1	-1	333
16	0x5db09e0ac8e0
-1	0x5db09e0ac900
23	0x5db09e0ac920
-1	0x5db09e0ac940
5	0x5db09e0ac960
-1	0x5db09e0ac980
2	0x5db09e0ac9a0
-1	0x5db09e0ac9c0
3	(nil)
28	150292	0	111	0	0.00	0x5db09e0ac9e0	-1	-1	-1	-1	444
391	0x5db09e0aca00
-1	0x5db09e0aca20
400	0x5db09e0aca40
-1	0x5db09e0aca60
384	(nil)
29	158090	0	111	0	0.00	0x5db09e0aca80	-1	-1	-1	-1	333
8	0x5db09e0acaa0
-1	0x5db09e0acac0
30	0x5db09e0acae0
-1	0x5db09e0acb00
6	0x5db09e0acb20
-1	0x5db09e0acb40
16	(nil)
30	163660	0	111	0	0.00	0x5db09e0acb60	-1	-1	-1	-1	555
122	0x5db09e0acb80
-1	0x5db09e0acba0
8	0x5db09e0acbc0
-1	0x5db09e0acbe0
128	0x5db09e0acc00
-1	0x5db09e0acc20
24	0x5db09e0acc40
-1	0x5db09e0acc60
112	(nil)
31	169470	0	111	0	0.00	0x5db09e0acc80	-1	-1	-1	-1	333
5	0x5db09e0acca0
-1	(nil)
32	178801	0	111	0	0.00	0x5db09e0accc0	-1	-1	-1	-1	333
30	0x5db09e0acce0
-1	0x5db09e0acd00
23	0x5db09e0acd20
-1	(nil)
33	185187	0	111	0	0.00	0x5db09e0acd40	-1	-1	-1	-1	444
330	0x5db09e0acd60
-1	0x5db09e0acd80
446	0x5db09e0acda0
-1	0x5db09e0acdc0
360	0x5db09e0acde0
-1	0x5db09e0ace00
464	0x5db09e0ace20
-1	0x5db09e0ace40
364	0x5db09e0ace60
-1	0x5db09e0ace80
298	(nil)
34	193838	0	111	0	0.00	0x5db09e0acea0	-1	-1	-1	-1	333
17	0x5db09e0acec0
-1	0x5db09e0acee0
8	0x5db09e0acf00
-1	0x5db09e0acf20
12	0x5db09e0acf40
-1	0x5db09e0acf60
16	0x5db09e0acf80
-1	0x5db09e0acfa0
26	(nil)
35	196075	0	111	0	0.00	0x5db09e0acfc0	-1	-1	-1	-1	444
307	(nil)
36	200242	0	111	0	0.00	0x5db09e0acfe0	-1	-1	-1	-1	444
295	0x5db09e0ad000
-1	0x5db09e0ad020
398	0x5db09e0ad040
-1	0x5db09e0ad060
408	0x5db09e0ad080
-1	0x5db09e0ad0a0
468	(nil)
37	203056	0	111	0	0.00	0x5db09e0ad0c0	-1	-1	-1	-1	333
18	(nil)
38	205597	0	111	0	0.00	0x5db09e0ad0e0	-1	-1	-1	-1	333
18	0x5db09e0ad100
-1	0x5db09e0ad120
28	0x5db09e0ad140
-1	0x5db09e0ad160
23	0x5db09e0ad180
-1	0x5db09e0ad1a0
1	0x5db09e0ad1c0
-1	(nil)
39	213737	0	111	0	0.00	0x5db09e0ad1e0	-1	-1	-1	-1	444
320	0x5db09e0ad200
-1	0x5db09e0ad220
423	0x5db09e0ad240
-1	0x5db09e0ad260
270	(nil)
40	222315	0	111	0	0.00	0x5db09e0ad280	-1	-1	-1	-1	444
493	0x5db09e0ad2a0
-1	0x5db09e0ad2c0
359	0x5db09e0ad2e0
-1	0x5db09e0ad300
475	0x5db09e0ad320
-1	(nil)
41	226467	0	111	0	0.00	0x5db09e0ad340	-1	-1	-1	-1	333
1	0x5db09e0ad360
-1	0x5db09e0ad380
20	0x5db09e0ad3a0
-1	0x5db09e0ad3c0
28	0x5db09e0ad3e0
-1	0x5db09e0ad400
20	0x5db09e0ad420
-1	(nil)
42	235879	0	111	0	0.00	0x5db09e0ad440	-1	-1	-1	-1	444
286	0x5db09e0ad460
-1	0x5db09e0ad480
260	0x5db09e0ad4a0
-1	0x5db09e0ad4c0
273	0x5db09e0ad4e0
-1	0x5db09e0ad500
403	(nil)
43	236507	0	111	0	0.00	0x5db09e0ad520	-1	-1	-1	-1	333
22	0x5db09e0ad540
-1	0x5db09e0ad560
23	0x5db09e0ad580
-1	0x5db09e0ad5a0
19	0x5db09e0ad5c0
-1	0x5db09e0ad5e0
26	0x5db09e0ad600
-1	(nil)
44	239600	0	111	0	0.00	0x5db09e0ad620	-1	-1	-1	-1	555
75	0x5db09e0ad640
-1	0x5db09e0ad660
41	0x5db09e0ad680
-1	(nil)
45	248027	0	111	0	0.00	0x5db09e0ad6a0	-1	-1	-1	-1	333
6	0x5db09e0ad6c0
-1	0x5db09e0ad6e0
14	0x5db09e0ad700
-1	(nil)
46	249682	0	111	0	0.00	0x5db09e0ad720	-1	-1	-1	-1	333
24	0x5db09e0ad740
-1	0x5db09e0ad760
10	0x5db09e0ad780
-1	0x5db09e0ad7a0
21	0x5db09e0ad7c0
-1	0x5db09e0ad7e0
14	0x5db09e0ad800
-1	(nil)
47	255004	0	111	0	0.00	0x5db09e0ad820	-1	-1	-1	-1	444
500	0x5db09e0ad840
-1	(nil)
48	256101	0	111	0	0.00	0x5db09e0ad860	-1	-1	-1	-1	555
91	0x5db09e0ad880
-1	0x5db09e0ad8a0
67	0x5db09e0ad8c0
-1	0x5db09e0ad8e0
48	0x5db09e0ad900
-1	0x5db09e0ad920
109	0x5db09e0ad940
-1	0x5db09e0ad960
50	0x5db09e0ad980
-1	0x5db09e0ad9a0
127	(nil)
49	257149	0	111	0	0.00	0x5db09e0ad9c0	-1	-1	-1	-1	555
114	0x5db09e0ad9e0
-1	0x5db09e0ada00
103	0x5db09e0ada20
-1	0x5db09e0ada40
11	0x5db09e0ada60
-1	0x5db09e0ada80
120	0x5db09e0adaa0
-1	(nil)
50	264790	0	111	0	0.00	0x5db09e0adac0	-1	-1	-1	-1	333
14	0x5db09e0adae0
-1	0x5db09e0adb00
15	0x5db09e0adb20
-1	0x5db09e0adb40
28	(nil)
51	266179	0	111	0	0.00	0x5db09e0adb60	-1	-1	-1	-1	444
488	(nil)
52	266441	0	111	0	0.00	0x5db09e0adb80	-1	-1	-1	-1	444
371	0x5db09e0adba0
-1	0x5db09e0adbc0
275	0x5db09e0adbe0
-1	(nil)
53	268292	0	111	0	0.00	0x5db09e0adc00	-1	-1	-1	-1	444
346	0x5db09e0adc20
-1	(nil)
54	272910	0	111	0	0.00	0x5db09e0adc40	-1	-1	-1	-1	555
90	0x5db09e0adc60
-1	0x5db09e0adc80
66	0x5db09e0adca0
-1	0x5db09e0adcc0
9	0x5db09e0adce0
-1	0x5db09e0add00
167	0x5db09e0add20
-1	0x5db09e0add40
36	0x5db09e0add60
-1	(nil)
55	274399	0	111	0	0.00	0x5db09e0add80	-1	-1	-1	-1	444
305	0x5db09e0adda0
-1	0x5db09e0addc0
354	0x5db09e0adde0
-1	(nil)
56	283475	0	111	0	0.00	0x5db09e0ade00	-1	-1	-1	-1	333
21	0x5db09e0ade20
-1	0x5db09e0ade40
11	(nil)
57	287598	0	111	0	0.00	0x5db09e0ade60	-1	-1	-1	-1	555
106	0x5db09e0ade80
-1	0x5db09e0adea0
72	0x5db09e0adec0
-1	0x5db09e0adee0
11	0x5db09e0adf00
-1	0x5db09e0adf20
75	0x5db09e0adf40
-1	0x5db09e0adf60
118	0x5db09e0adf80
-1	(nil)
58	288140	0	111	0	0.00	0x5db09e0adfa0	-1	-1	-1	-1	444
389	0x5db09e0adfc0
-1	0x5db09e0adfe0
459	0x5db09e0ae000
-1	(nil)
59	293896	0	111	0	0.00	0x5db09e0ae020	-1	-1	-1	-1	444
372	0x5db09e0ae040
-1	0x5db09e0ae060
493	0x5db09e0ae080
-1	0x5db09e0ae0a0
256	0x5db09e0ae0c0
-1	0x5db09e0ae0e0
358	(nil)
60	302076	0	111	0	0.00	0x5db09e0ae100	-1	-1	-1	-1	444
405	0x5db09e0ae120
-1	0x5db09e0ae140
361	0x5db09e0ae160
-1	0x5db09e0ae180
313	0x5db09e0ae1a0
-1	0x5db09e0ae1c0
453	0x5db09e0ae1e0
-1	0x5db09e0ae200
477	0x5db09e0ae220
-1	(nil)
61	308516	0	111	0	0.00	0x5db09e0ae240	-1	-1	-1	-1	333
9	0x5db09e0ae260
-1	0x5db09e0ae280
14	0x5db09e0ae2a0
-1	0x5db09e0ae2c0
28	0x5db09e0ae2e0
-1	0x5db09e0ae300
13	0x5db09e0ae320
-1	0x5db09e0ae340
5	0x5db09e0ae360
-1	(nil)
62	314771	0	111	0	0.00	0x5db09e0ae380	-1	-1	-1	-1	333
16	0x5db09e0ae3a0
-1	0x5db09e0ae3c0
1	0x5db09e0ae3e0
-1	(nil)
63	322141	0	111	0	0.00	0x5db09e0ae400	-1	-1	-1	-1	444
320	0x5db09e0ae420
-1	(nil)
64	326324	0	111	0	0.00	0x5db09e0ae440	-1	-1	-1	-1	555
61	0x5db09e0ae460
-1	0x5db09e0ae480
28	0x5db09e0ae4a0
-1	0x5db09e0ae4c0
123	0x5db09e0ae4e0
-1	0x5db09e0ae500
100	(nil)
65	332783	0	111	0	0.00	0x5db09e0ae520	-1	-1	-1	-1	444
415	0x5db09e0ae540
-1	0x5db09e0ae560
321	0x5db09e0ae580
-1	0x5db09e0ae5a0
266	0x5db09e0ae5c0
-1	(nil)
66	338724	0	111	0	0.00	0x5db09e0ae5e0	-1	-1	-1	-1	444
464	0x5db09e0ae600
-1	0x5db09e0ae620
438	(nil)
67	343729	0	111	0	0.00	0x5db09e0ae640	-1	-1	-1	-1	333
7	0x5db09e0ae660
-1	0x5db09e0ae680
14	0x5db09e0ae6a0
-1	0x5db09e0ae6c0
24	0x5db09e0ae6e0
-1	0x5db09e0ae700
19	0x5db09e0ae720
-1	0x5db09e0ae740
30	(nil)
68	343763	0	111	0	0.00	0x5db09e0ae760	-1	-1	-1	-1	333
23	0x5db09e0ae780
-1	0x5db09e0ae7a0
25	0x5db09e0ae7c0
-1	0x5db09e0ae7e0
16	0x5db09e0ae800
-1	(nil)
69	345724	0	111	0	0.00	0x5db09e0ae820	-1	-1	-1	-1	333
22	0x5db09e0ae840
-1	0x5db09e0ae860
24	0x5db09e0ae880
-1	0x5db09e0ae8a0
18	0x5db09e0ae8c0
-1	0x5db09e0ae8e0
28	(nil)
70	352155	0	111	0	0.00	0x5db09e0ae900	-1	-1	-1	-1	555
8	0x5db09e0ae920
-1	0x5db09e0ae940
50	0x5db09e0ae960
-1	0x5db09e0ae980
154	0x5db09e0ae9a0
-1	0x5db09e0ae9c0
122	(nil)
71	359151	0	111	0	0.00	0x5db09e0ae9e0	-1	-1	-1	-1	444
381	0x5db09e0aea00
-1	0x5db09e0aea20
450	0x5db09e0aea40
-1	0x5db09e0aea60
368	0x5db09e0aea80
-1	0x5db09e0aeaa0
438	0x5db09e0aeac0
-1	0x5db09e0aeae0
314	(nil)
72	368334	0	111	0	0.00	0x5db09e0aeb00	-1	-1	-1	-1	444
278	0x5db09e0aeb20
-1	0x5db09e0aeb40
478	0x5db09e0aeb60
-1	0x5db09e0aeb80
324	0x5db09e0aeba0
-1	0x5db09e0aebc0
466	0x5db09e0aebe0
-1	0x5db09e0aec00
433	0x5db09e0aec20
-1	0x5db09e0aec40
457	(nil)
73	377772	0	111	0	0.00	0x5db09e0aec60	-1	-1	-1	-1	444
324	0x5db09e0aec80
-1	0x5db09e0aeca0
275	0x5db09e0aecc0
-1	0x5db09e0aece0
352	0x5db09e0aed00
-1	0x5db09e0aed20
307	0x5db09e0aed40
-1	(nil)
74	378839	0	111	0	0.00	0x5db09e0aed60	-1	-1	-1	-1	444
258	0x5db09e0aed80
-1	(nil)
75	384703	0	111	0	0.00	0x5db09e0aeda0	-1	-1	-1	-1	555
114	0x5db09e0aedc0
-1	0x5db09e0aede0
48	0x5db09e0aee00
-1	0x5db09e0aee20
129	0x5db09e0aee40
-1	0x5db09e0aee60
82	0x5db09e0aee80
-1	0x5db09e0aeea0
178	(nil)
76	393436	0	111	0	0.00	0x5db09e0aeec0	-1	-1	-1	-1	555
65	0x5db09e0aeee0
-1	0x5db09e0aef00
139	(nil)
77	402265	0	111	0	0.00	0x5db09e0aef20	-1	-1	-1	-1	333
18	0x5db09e0aef40
-1	0x5db09e0aef60
18	0x5db09e0aef80
-1	(nil)
78	406090	0	111	0	0.00	0x5db09e0aefa0	-1	-1	-1	-1	444
322	0x5db09e0aefc0
-1	0x5db09e0aefe0
305	0x5db09e0af000
-1	0x5db09e0af020
367	0x5db09e0af040
-1	0x5db09e0af060
347	0x5db09e0af080
-1	0x5db09e0af0a0
407	(nil)
79	411517	0	111	0	0.00	0x5db09e0af0c0	-1	-1	-1	-1	444
381	0x5db09e0af0e0
-1	0x5db09e0af100
337	0x5db09e0af120
-1	0x5db09e0af140
274	0x5db09e0af160
-1	0x5db09e0af180
377	0x5db09e0af1a0
-1	0x5db09e0af1c0
482	0x5db09e0af1e0
-1	(nil)
80	415147	0	111	0	0.00	0x5db09e0af200	-1	-1	-1	-1	333
30	0x5db09e0af220
-1	0x5db09e0af240
9	0x5db09e0af260
-1	0x5db09e0af280
4	0x5db09e0af2a0
-1	0x5db09e0af2c0
29	0x5db09e0af2e0
-1	(nil)
81	420130	0	111	0	0.00	0x5db09e0af300	-1	-1	-1	-1	333
20	(nil)
82	423004	0	111	0	0.00	0x5db09e0af320	-1	-1	-1	-1	333
2	0x5db09e0af340
-1	0x5db09e0af360
15	0x5db09e0af380
-1	0x5db09e0af3a0
20	0x5db09e0af3c0
-1	(nil)
83	426535	0	111	0	0.00	0x5db09e0af3e0	-1	-1	-1	-1	333
22	0x5db09e0af400
-1	(nil)
84	435137	0	111	0	0.00	0x5db09e0af420	-1	-1	-1	-1	333
15	0x5db09e0af440
-1	0x5db09e0af460
12	0x5db09e0af480
-1	0x5db09e0af4a0
29	0x5db09e0af4c0
-1	0x5db09e0af4e0
26	0x5db09e0af500
-1	0x5db09e0af520
15	0x5db09e0af540
-1	0x5db09e0af560
14	(nil)
85	438229	0	111	0	0.00	0x5db09e0af580	-1	-1	-1	-1	444
393	0x5db09e0af5a0
-1	0x5db09e0af5c0
324	0x5db09e0af5e0
-1	0x5db09e0af600
317	0x5db09e0af620
-1	0x5db09e0af640
432	0x5db09e0af660
-1	(nil)
86	446867	0	111	0	0.00	0x5db09e0af680	-1	-1	-1	-1	333
16	0x5db09e0af6a0
-1	0x5db09e0af6c0
8	0x5db09e0af6e0
-1	0x5db09e0af700
30	0x5db09e0af720
-1	0x5db09e0af740
2	(nil)
87	448224	0	111	0	0.00	0x5db09e0af760	-1	-1	-1	-1	444
301	0x5db09e0af780
-1	0x5db09e0af7a0
334	0x5db09e0af7c0
-1	0x5db09e0af7e0
340	0x5db09e0af800
-1	0x5db09e0af820
273	0x5db09e0af840
-1	0x5db09e0af860
266	0x5db09e0af880
-1	0x5db09e0af8a0
385	(nil)
88	453358	0	111	0	0.00	0x5db09e0af8c0	-1	-1	-1	-1	333
0	0x5db09e0af8e0
-1	0x5db09e0af900
13	(nil)
89	460083	0	111	0	0.00	0x5db09e0af920	-1	-1	-1	-1	333
19	0x5db09e0af940
-1	0x5db09e0af960
26	(nil)
90	470071	0	111	0	0.00	0x5db09e0af980	-1	-1	-1	-1	444
285	(nil)
91	470363	0	111	0	0.00	0x5db09e0af9a0	-1	-1	-1	-1	444
357	0x5db09e0af9c0
-1	0x5db09e0af9e0
482	(nil)
92	480003	0	111	0	0.00	0x5db09e0afa00	-1	-1	-1	-1	444
399	0x5db09e0afa20
-1	(nil)
93	480205	0	111	0	0.00	0x5db09e0afa40	-1	-1	-1	-1	333
25	(nil)
94	485850	0	111	0	0.00	0x5db09e0afa60	-1	-1	-1	-1	555
3	0x5db09e0afa80
-1	0x5db09e0afaa0
190	0x5db09e0afac0
-1	0x5db09e0afae0
181	(nil)
95	490474	0	111	0	0.00	0x5db09e0afb00	-1	-1	-1	-1	333
11	0x5db09e0afb20
-1	0x5db09e0afb40
2	0x5db09e0afb60
-1	0x5db09e0afb80
22	0x5db09e0afba0
-1	0x5db09e0afbc0
0	0x5db09e0afbe0
-1	(nil)
96	496417	0	111	0	0.00	0x5db09e0afc00	-1	-1	-1	-1	333
1	0x5db09e0afc20
-1	0x5db09e0afc40
23	0x5db09e0afc60
-1	0x5db09e0afc80
4	0x5db09e0afca0
-1	0x5db09e0afcc0
13	0x5db09e0afce0
-1	(nil)
97	498191	0	111	0	0.00	0x5db09e0afd00	-1	-1	-1	-1	333
18	0x5db09e0afd20
-1	0x5db09e0afd40
0	0x5db09e0afd60
-1	0x5db09e0afd80
11	0x5db09e0afda0
-1	(nil)
98	503998	0	111	0	0.00	0x5db09e0afdc0	-1	-1	-1	-1	333
30	0x5db09e0afde0
-1	0x5db09e0afe00
10	(nil)
99	511692	0	111	0	0.00	0x5db09e0afe20	-1	-1	-1	-1	555
199	(nil)
